@file	seqno	phase	temp	temp_err	spec_disp	spec_disp_err	abs	abs_err	csL	csL_err	csG	csG_err	strL	strL_err	strG	strG_err	Ti_beq	Ti_beq_err	O_beq	O_beq_err	a_del	a_del_err	c_del	c_del_err	a	a_err	b	b_err	c	c_err	al	al_err	be	be_err	ga	ga_err	cellVol	cellVol_err	cellMass	cellMass_err	Lvol	Lvol_err	e0	e0_err	density	density_err	LAC	LAC_err	scale	scale_err	wtpct	wtpct_err	RBragg	RBragg_err	Rwp	Rwp_err	Rexp	Rexp_err	gof	gof_err
degussa.raw	1	Anatase	303.000000000	0.000000000	0.067847902	0.011568293	19.236678477	6.908375629	37.316415573	1.816699804	55.361457233	4.797264174	0.168308352	0.032822224	-1.000000000	0.000000000	0.768800652	0.058498312	1.356294663	0.130365671	0.003083687	0.000784294	-0.004561500	0.002060769	3.787283687	0.000784294	3.787283687	0.000784294	9.510038500	0.002060769	90.000000000	0.000000000	90.000000000	0.000000000	90.000000000	0.000000000	136.407405758	0.063761618	319.463200000	0.000000000	19.343740210	0.828457128	0.000366994	0.000071568	3.888949306	0.001817824	483.162770674	0.225846282	0.000422824	0.000003745	86.612899198	0.364057261	2.584943032	0.000000000	17.556094515	0.000000000	16.214517038	0.000000000	1.082739281	0.000000000
degussa.raw	1	Rutile	303.000000000	0.000000000	0.067847902	0.011568293	19.236678477	6.908375629	33.672902827	2.029384790	-1.000000000	0.000000000	-1.000000000	0.000000000	-1.000000000	0.000000000	0.768800652	0.058498312	1.356294663	0.130365671	0.004985923	0.001144510	0.001706890	0.001105832	4.597385923	0.001144510	4.597385923	0.001144510	2.959206890	0.001105832	90.000000000	0.000000000	90.000000000	0.000000000	90.000000000	0.000000000	62.545670531	0.038936703	159.731600000	0.000000000	21.436835733	1.291946483	-1.000000000	0.000000000	4.240753049	0.002639995	526.870841318	0.327992826	0.000285059	0.000008589	13.387100802	0.364057261	2.862127694	0.000000000	17.556094515	0.000000000	16.214517038	0.000000000	1.082739281	0.000000000
degussa.raw	2	Anatase	323.000000000	0.000000000	0.062737278	0.010854094	14.587526741	3.435213742	35.267181545	1.703524012	53.892203078	4.386131948	0.112539726	0.035575570	-1.000000000	0.000000000	0.792935002	0.060882204	1.371432103	0.134296666	0.002283904	0.000664636	-0.007402643	0.001788674	3.786483904	0.000664636	3.786483904	0.000664636	9.507197357	0.001788674	90.000000000	0.000000000	90.000000000	0.000000000	90.000000000	0.000000000	136.309065204	0.054290979	319.463200000	0.000000000	18.440488260	0.767480655	0.000245391	0.000077572	3.891755000	0.001550053	483.511349798	0.192578468	0.000421228	0.000003846	87.343926938	0.366221565	2.706731281	0.000000000	17.982184850	0.000000000	16.232801333	0.000000000	1.107768430	0.000000000
degussa.raw	2	Rutile	323.000000000	0.000000000	0.062737278	0.010854094	14.587526741	3.435213742	35.954418426	2.327427311	-1.000000000	0.000000000	-1.000000000	0.000000000	-1.000000000	0.000000000	0.792935002	0.060882204	1.371432103	0.134296666	0.003014178	0.001049523	0.002723333	0.001087118	4.595414178	0.001049523	4.595414178	0.001049523	2.960223333	0.001087118	90.000000000	0.000000000	90.000000000	0.000000000	90.000000000	0.000000000	62.513497461	0.036638753	159.731600000	0.000000000	22.889293674	1.481686245	-1.000000000	0.000000000	4.242935586	0.002486747	527.141999595	0.308953262	0.000266174	0.000008480	12.656073062	0.366221565	3.285223213	0.000000000	17.982184850	0.000000000	16.232801333	0.000000000	1.107768430	0.000000000
degussa.raw	3	Anatase	373.000000000	0.000000000	0.091682838	0.010657754	18.105284665	5.370213597	37.547434203	1.863235312	57.147337873	4.858529708	0.190527705	0.033771070	-1.000000000	0.000000000	0.634593323	0.057592377	1.434587692	0.131546489	0.003993598	0.000696936	-0.000930026	0.001853723	3.788193598	0.000696936	3.788193598	0.000696936	9.513669974	0.001853723	90.000000000	0.000000000	90.000000000	0.000000000	90.000000000	0.000000000	136.525071743	0.056843396	319.463200000	0.000000000	19.610106264	0.843159924	0.000415443	0.000073637	3.885597563	0.001617795	482.746350287	0.200994748	0.000415277	0.000003646	87.558528845	0.340544216	2.086124457	0.000000000	17.302682693	0.000000000	16.247773231	0.000000000	1.064926402	0.000000000
degussa.raw	3	Rutile	373.000000000	0.000000000	0.091682838	0.010657754	18.105284665	5.370213597	40.713467635	2.602171464	-1.000000000	0.000000000	-1.000000000	0.000000000	-1.000000000	0.000000000	0.634593323	0.057592377	1.434587692	0.131546489	0.006440020	0.000989837	0.004032479	0.000967555	4.598840020	0.000989837	4.598840020	0.000989837	2.961532479	0.000967555	90.000000000	0.000000000	90.000000000	0.000000000	90.000000000	0.000000000	62.634426301	0.033848380	159.731600000	0.000000000	25.918998498	1.656593805	-1.000000000	0.000000000	4.234743713	0.002288496	526.124241880	0.284322584	0.000257241	0.000007721	12.441471155	0.340544216	3.104157390	0.000000000	17.302682693	0.000000000	16.247773231	0.000000000	1.064926402	0.000000000
degussa.raw	4	Anatase	423.000000000	0.000000000	0.086918123	0.012062466	19.889203308	7.419717073	36.276817234	1.807134278	51.762036049	3.982912922	0.157422047	0.034894407	-1.000000000	0.000000000	0.748000088	0.059867170	1.478870437	0.134909304	0.004577842	0.000785347	0.002103295	0.002076303	3.788777842	0.000785347	3.788777842	0.000785347	9.516703295	0.002076303	90.000000000	0.000000000	90.000000000	0.000000000	90.000000000	0.000000000	136.610729654	0.063998119	319.463200000	0.000000000	18.583332767	0.777524495	0.000343257	0.000076087	3.883161208	0.001819139	482.443657782	0.226009714	0.000415736	0.000003750	86.632748869	0.359926295	2.351711056	0.000000000	17.640069412	0.000000000	16.246853308	0.000000000	1.085752981	0.000000000
degussa.raw	4	Rutile	423.000000000	0.000000000	0.086918123	0.012062466	19.889203308	7.419717073	36.884888341	2.262509700	-1.000000000	0.000000000	-1.000000000	0.000000000	-1.000000000	0.000000000	0.748000088	0.059867170	1.478870437	0.134909304	0.006668384	0.001082201	0.006825724	0.001041234	4.599068384	0.001082201	4.599068384	0.001082201	2.964325724	0.001041234	90.000000000	0.000000000	90.000000000	0.000000000	90.000000000	0.000000000	62.699728043	0.036820356	159.731600000	0.000000000	23.481649219	1.440358410	-1.000000000	0.000000000	4.230333229	0.002484249	525.576283688	0.308642939	0.000279529	0.000008317	13.367251131	0.359926295	3.301815786	0.000000000	17.640069412	0.000000000	16.246853308	0.000000000	1.085752981	0.000000000
degussa.raw	5	Anatase	473.000000000	0.000000000	0.097997308	0.012008713	18.465036091	6.698668977	37.402512282	1.905189515	56.942136563	5.409726136	0.193176531	0.034833867	-1.000000000	0.000000000	0.800450274	0.061720777	1.306294695	0.135868294	0.005035249	0.000827450	0.007002143	0.002182848	3.789235249	0.000827450	3.789235249	0.000827450	9.521602143	0.002182848	90.000000000	0.000000000	90.000000000	0.000000000	90.000000000	0.000000000	136.714055934	0.067434350	319.463200000	0.000000000	19.535942175	0.887908612	0.000421219	0.000075955	3.880226378	0.001913917	482.079034641	0.237784946	0.000413003	0.000003763	87.320545286	0.367848237	2.685069889	0.000000000	17.781625630	0.000000000	16.284630179	0.000000000	1.091926893	0.000000000
degussa.raw	5	Rutile	473.000000000	0.000000000	0.097997308	0.012008713	18.465036091	6.698668977	36.607448459	2.436331081	-1.000000000	0.000000000	-1.000000000	0.000000000	-1.000000000	0.000000000	0.800450274	0.061720777	1.306294695	0.135868294	0.009106146	0.001171117	0.006368143	0.001122435	4.601506146	0.001171117	4.601506146	0.001171117	2.963868143	0.001122435	90.000000000	0.000000000	90.000000000	0.000000000	90.000000000	0.000000000	62.756525609	0.039815283	159.731600000	0.000000000	23.305025505	1.551016538	-1.000000000	0.000000000	4.226504582	0.002681455	525.100612777	0.333143771	0.000261289	0.000008351	12.679454714	0.367848237	3.303623664	0.000000000	17.781625630	0.000000000	16.284630179	0.000000000	1.091926893	0.000000000
degussa.raw	6	Anatase	523.000000000	0.000000000	0.125532139	0.011146307	15.685659966	4.230139868	38.768668188	2.121142670	56.537244288	5.031460295	0.212179774	0.037437011	-1.000000000	0.000000000	0.809851830	0.063304163	1.478879563	0.139859039	0.005559292	0.000728808	0.014137548	0.001940472	3.789759292	0.000728808	3.789759292	0.000728808	9.528737548	0.001940472	90.000000000	0.000000000	90.000000000	0.000000000	90.000000000	0.000000000	136.854353721	0.059559735	319.463200000	0.000000000	19.993190215	0.933832023	0.000462655	0.000081631	3.876248520	0.001686956	481.584825873	0.209587339	0.000411490	0.000003796	87.388164917	0.360915527	2.326503071	0.000000000	17.915365336	0.000000000	16.306940893	0.000000000	1.098634346	0.000000000
degussa.raw	6	Rutile	523.000000000	0.000000000	0.125532139	0.011146307	15.685659966	4.230139868	39.576467456	2.684965242	-1.000000000	0.000000000	-1.000000000	0.000000000	-1.000000000	0.000000000	0.809851830	0.063304163	1.478879563	0.139859039	0.010938726	0.001047053	0.008060445	0.001044546	4.603338726	0.001047053	4.603338726	0.001047053	2.965560445	0.001044546	90.000000000	0.000000000	90.000000000	0.000000000	90.000000000	0.000000000	62.842383055	0.036155203	159.731600000	0.000000000	25.195161703	1.709301962	-1.000000000	0.000000000	4.220730184	0.002428309	524.383202092	0.301692978	0.000258655	0.000008130	12.611835083	0.360915527	3.281618878	0.000000000	17.915365336	0.000000000	16.306940893	0.000000000	1.098634346	0.000000000
degussa.raw	7	Anatase	573.000000000	0.000000000	0.154876128	0.010349865	14.298562018	3.094720077	36.526277446	1.820042027	58.916511480	5.478598608	0.151930348	0.036128577	-1.000000000	0.000000000	0.959813029	0.063363158	1.682388360	0.139163575	0.006359199	0.000643736	0.020034302	0.001707192	3.790559199	0.000643736	3.790559199	0.000643736	9.534634302	0.001707192	90.000000000	0.000000000	90.000000000	0.000000000	90.000000000	0.000000000	136.996858308	0.052600984	319.463200000	0.000000000	19.389374864	0.857168664	0.000331282	0.000078778	3.872216433	0.001486760	481.083879737	0.184715003	0.000410189	0.000003740	87.135255282	0.354096659	2.308374531	0.000000000	17.650845027	0.000000000	16.346700739	0.000000000	1.079780275	0.000000000
degussa.raw	7	Rutile	573.000000000	0.000000000	0.154876128	0.010349865	14.298562018	3.094720077	40.764735054	2.725552215	-1.000000000	0.000000000	-1.000000000	0.000000000	-1.000000000	0.000000000	0.959813029	0.063363158	1.682388360	0.139163575	0.011932389	0.000959074	0.008892527	0.000985626	4.604332389	0.000959074	4.604332389	0.000959074	2.966392527	0.000985626	90.000000000	0.000000000	90.000000000	0.000000000	90.000000000	0.000000000	62.887155962	0.033510793	159.731600000	0.000000000	25.951636351	1.735140430	-1.000000000	0.000000000	4.217725209	0.002247498	524.009864161	0.279228977	0.000263858	0.000007983	12.864744718	0.354096659	3.762355542	0.000000000	17.650845027	0.000000000	16.346700739	0.000000000	1.079780275	0.000000000
degussa.raw	8	Anatase	623.000000000	0.000000000	0.168751544	0.012769822	22.157307188	10.559163281	34.947246230	1.740677832	62.854831145	7.304698331	0.185422765	0.036374931	-1.000000000	0.000000000	0.989565190	0.065800464	1.411801997	0.141817417	0.008974590	0.000923996	0.029056634	0.002430628	3.793174590	0.000923996	3.793174590	0.000923996	9.543656634	0.002430628	90.000000000	0.000000000	90.000000000	0.000000000	90.000000000	0.000000000	137.315787200	0.075488480	319.463200000	0.000000000	19.071916269	0.895792729	0.000404312	0.000079315	3.863222845	0.002123773	479.966516966	0.263857384	0.000411031	0.000003852	87.495602103	0.371609286	2.621923697	0.000000000	18.022412695	0.000000000	16.345729217	0.000000000	1.102576242	0.000000000
degussa.raw	8	Rutile	623.000000000	0.000000000	0.168751544	0.012769822	22.157307188	10.559163281	38.375046018	2.672213602	-1.000000000	0.000000000	-1.000000000	0.000000000	-1.000000000	0.000000000	0.989565190	0.065800464	1.411801997	0.141817417	0.015944287	0.001269398	0.013232352	0.001164801	4.608344287	0.001269398	4.608344287	0.001269398	2.970732352	0.001164801	90.000000000	0.000000000	90.000000000	0.000000000	90.000000000	0.000000000	63.088958927	0.042660548	159.731600000	0.000000000	24.430313060	1.701184015	-1.000000000	0.000000000	4.204233950	0.002842878	522.333711216	0.353198933	0.000255710	0.000008350	12.504397897	0.371609286	3.405954077	0.000000000	18.022412695	0.000000000	16.345729217	0.000000000	1.102576242	0.000000000
degussa.raw	9	Anatase	673.000000000	0.000000000	0.181327266	0.011874827	21.840205229	9.259884937	38.502725143	2.146059748	51.445046308	3.956344844	0.206187506	0.037570216	-1.000000000	0.000000000	1.029698931	0.067068431	1.711502505	0.145033255	0.009610490	0.000859776	0.032841498	0.002245673	3.793810490	0.000859776	3.793810490	0.000859776	9.547441498	0.002245673	90.000000000	0.000000000	90.000000000	0.000000000	90.000000000	0.000000000	137.416306700	0.070171520	319.463200000	0.000000000	19.311220371	0.871793507	0.000449589	0.000081921	3.860396912	0.001971300	479.615423302	0.244914137	0.000405112	0.000003824	87.412253717	0.363288786	2.577692862	0.000000000	17.922156720	0.000000000	16.374427286	0.000000000	1.094521134	0.000000000
degussa.raw	9	Rutile	673.000000000	0.000000000	0.181327266	0.011874827	21.840205229	9.259884937	41.270400289	2.821903969	-1.000000000	0.000000000	-1.000000000	0.000000000	-1.000000000	0.000000000	1.029698931	0.067068431	1.711502505	0.145033255	0.018051083	0.001159123	0.012525636	0.001072533	4.610451083	0.001159123	4.610451083	0.001159123	2.970025636	0.001072533	90.000000000	0.000000000	90.000000000	0.000000000	90.000000000	0.000000000	63.131634728	0.039082501	159.731600000	0.000000000	26.273552837	1.796479863	-1.000000000	0.000000000	4.201391967	0.002600919	521.980623424	0.323137941	0.000253964	0.000008037	12.587746283	0.363288786	3.621053213	0.000000000	17.922156720	0.000000000	16.374427286	0.000000000	1.094521134	0.000000000
degussa.raw	10	Anatase	723.000000000	0.000000000	0.200760143	0.013181293	24.151632397	13.172828028	36.512286844	1.902491434	52.891273109	4.477366385	0.165614424	0.036387909	-1.000000000	0.000000000	1.074519920	0.067387100	2.053320074	0.149088745	0.010892499	0.000977067	0.040150406	0.002565863	3.795092499	0.000977067	3.795092499	0.000977067	9.554750406	0.002565863	90.000000000	0.000000000	90.000000000	0.000000000	90.000000000	0.000000000	137.614462348	0.079917067	319.463200000	0.000000000	18.791215791	0.835803964	0.000361120	0.000079343	3.854838198	0.002238617	478.924809079	0.278125556	0.000402544	0.000003821	86.858436266	0.380611573	2.657337902	0.000000000	17.924853610	0.000000000	16.390039695	0.000000000	1.093643087	0.000000000
degussa.raw	10	Rutile	723.000000000	0.000000000	0.200760143	0.013181293	24.151632397	13.172828028	36.499346043	2.408497401	-1.000000000	0.000000000	-1.000000000	0.000000000	-1.000000000	0.000000000	1.074519920	0.067387100	2.053320074	0.149088745	0.020403443	0.001331574	0.012713844	0.001202806	4.612803443	0.001331574	4.612803443	0.001331574	2.970213844	0.001202806	90.000000000	0.000000000	90.000000000	0.000000000	90.000000000	0.000000000	63.200078312	0.044568812	159.731600000	0.000000000	23.236205369	1.533297067	-1.000000000	0.000000000	4.196841999	0.002959609	521.415335759	0.367701578	0.000265232	0.000008480	13.141563734	0.380611573	3.461440579	0.000000000	17.924853610	0.000000000	16.390039695	0.000000000	1.093643087	0.000000000
degussa.raw	11	Anatase	773.000000000	0.000000000	0.228790211	0.011895394	17.305296655	5.903196261	40.859448308	2.431958426	51.249303899	4.115048150	0.228991500	0.038815581	-1.000000000	0.000000000	1.066411137	0.068349369	1.648938717	0.147454403	0.011410978	0.000861332	0.041966013	0.002281909	3.795610978	0.000861332	3.795610978	0.000861332	9.556566013	0.002281909	90.000000000	0.000000000	90.000000000	0.000000000	90.000000000	0.000000000	137.678223056	0.070606507	319.463200000	0.000000000	20.052817871	0.958839198	0.000499313	0.000084637	3.853052968	0.001975980	478.703012310	0.245495617	0.000396736	0.000003777	87.074934123	0.386106008	2.712648360	0.000000000	17.899274299	0.000000000	16.400648034	0.000000000	1.091376040	0.000000000
degussa.raw	11	Rutile	773.000000000	0.000000000	0.228790211	0.011895394	17.305296655	5.903196261	35.752010955	2.446233927	-1.000000000	0.000000000	-1.000000000	0.000000000	-1.000000000	0.000000000	1.066411137	0.068349369	1.648938717	0.147454403	0.020534090	0.001231855	0.016510038	0.001198570	4.612934090	0.001231855	4.612934090	0.001231855	2.974010038	0.001198570	90.000000000	0.000000000	90.000000000	0.000000000	90.000000000	0.000000000	63.284438160	0.042342492	159.731600000	0.000000000	22.760437076	1.557320886	-1.000000000	0.000000000	4.191247497	0.002804278	520.720275182	0.348403290	0.000256236	0.000008448	12.925065877	0.386106008	3.628537024	0.000000000	17.899274299	0.000000000	16.400648034	0.000000000	1.091376040	0.000000000
degussa.raw	12	Anatase	823.000000000	0.000000000	0.248408510	0.012616828	21.101028624	9.301926795	39.644013118	2.343113024	51.492851310	4.013702203	0.208649423	0.039477090	-1.000000000	0.000000000	1.069685729	0.069492045	1.714487338	0.148268075	0.012893231	0.000901046	0.052769661	0.002393969	3.797093231	0.000901046	3.797093231	0.000901046	9.567369661	0.002393969	90.000000000	0.000000000	90.000000000	0.000000000	90.000000000	0.000000000	137.941541694	0.074008521	319.463200000	0.000000000	19.694667531	0.928553550	0.000454957	0.000086079	3.845697819	0.002063288	477.789209091	0.256342783	0.000390680	0.000003751	86.434178924	0.389498722	2.485373596	0.000000000	17.904823281	0.000000000	16.435594159	0.000000000	1.089393125	0.000000000
degussa.raw	12	Rutile	823.000000000	0.000000000	0.248408510	0.012616828	21.101028624	9.301926795	34.960593033	2.221993305	-1.000000000	0.000000000	-1.000000000	0.000000000	-1.000000000	0.000000000	1.069685729	0.069492045	1.714487338	0.148268075	0.022685686	0.001278016	0.017258370	0.001185640	4.615085686	0.001278016	4.615085686	0.001278016	2.974758370	0.001185640	90.000000000	0.000000000	90.000000000	0.000000000	90.000000000	0.000000000	63.359425791	0.043233157	159.731600000	0.000000000	22.256604779	1.414564872	-1.000000000	0.000000000	4.186287039	0.002856492	520.103988350	0.354890326	0.000266991	0.000008493	13.565821076	0.389498722	3.734360483	0.000000000	17.904823281	0.000000000	16.435594159	0.000000000	1.089393125	0.000000000
degussa.raw	13	Anatase	873.000000000	0.000000000	0.268163143	0.012904397	23.969478588	12.835616003	38.508292392	2.140701294	55.800320008	5.087778743	0.200862281	0.037299030	-1.000000000	0.000000000	1.167302130	0.069962256	1.815796297	0.150162048	0.013868325	0.000984949	0.058642723	0.002570802	3.798068325	0.000984949	3.798068325	0.000984949	9.573242723	0.002570802	90.000000000	0.000000000	90.000000000	0.000000000	90.000000000	0.000000000	138.097118475	0.080656356	319.463200000	0.000000000	19.820385235	0.943584746	0.000437977	0.000081330	3.841365351	0.002243560	477.250943642	0.278739730	0.000391554	0.000003788	85.531173516	0.389729248	2.379176741	0.000000000	18.121804002	0.000000000	16.440957750	0.000000000	1.102235300	0.000000000
degussa.raw	13	Rutile	873.000000000	0.000000000	0.268163143	0.012904397	23.969478588	12.835616003	36.711269736	2.311231740	-1.000000000	0.000000000	-1.000000000	0.000000000	-1.000000000	0.000000000	1.167302130	0.069962256	1.815796297	0.150162048	0.025184920	0.001311401	0.019687423	0.001158207	4.617584920	0.001311401	4.617584920	0.001311401	2.977187423	0.001158207	90.000000000	0.000000000	90.000000000	0.000000000	90.000000000	0.000000000	63.479859642	0.043703029	159.731600000	0.000000000	23.371120183	1.471375824	-1.000000000	0.000000000	4.178344825	0.002876591	519.117248194	0.357387447	0.000288190	0.000008639	14.468826484	0.389729248	3.801267502	0.000000000	18.121804002	0.000000000	16.440957750	0.000000000	1.102235300	0.000000000
degussa.raw	14	Anatase	923.000000000	0.000000000	0.276729834	0.012199246	27.825032580	15.608742979	37.806511845	2.050066203	63.003081880	6.666673625	0.193044588	0.036090981	-1.000000000	0.000000000	1.058316736	0.069114455	1.705143788	0.149408150	0.014922157	0.000885618	0.064643268	0.002348540	3.799122157	0.000885618	3.799122157	0.000885618	9.579243268	0.002348540	90.000000000	0.000000000	90.000000000	0.000000000	90.000000000	0.000000000	138.260371228	0.072829489	319.463200000	0.000000000	20.243621122	0.985101911	0.000420931	0.000078696	3.836829609	0.002021064	476.687423309	0.251096900	0.000366238	0.000003602	83.455861669	0.379904861	2.194552632	0.000000000	17.956934657	0.000000000	16.487437731	0.000000000	1.089128277	0.000000000
degussa.raw	14	Rutile	923.000000000	0.000000000	0.276729834	0.012199246	27.825032580	15.608742979	44.883304507	2.628559564	-1.000000000	0.000000000	-1.000000000	0.000000000	-1.000000000	0.000000000	1.058316736	0.069114455	1.705143788	0.149408150	0.025948728	0.001128374	0.022107625	0.000943539	4.618348728	0.001128374	4.618348728	0.001128374	2.979607625	0.000943539	90.000000000	0.000000000	90.000000000	0.000000000	90.000000000	0.000000000	63.552482995	0.037005592	159.731600000	0.000000000	28.573599098	1.673392992	-1.000000000	0.000000000	4.173570103	0.002430193	518.524037149	0.301927015	0.000315897	0.000008121	16.544138331	0.379904861	3.162810229	0.000000000	17.956934657	0.000000000	16.487437731	0.000000000	1.089128277	0.000000000
degussa.raw	15	Anatase	973.000000000	0.000000000	0.283191376	0.010014887	31.367553946	14.867346416	45.037575801	2.753938590	75.436862585	9.162038308	0.234525946	0.034453488	-1.000000000	0.000000000	1.236532056	0.069040271	1.864022207	0.149973477	0.016311784	0.000688253	0.071276294	0.001855489	3.800511784	0.000688253	3.800511784	0.000688253	9.585876294	0.001855489	90.000000000	0.000000000	90.000000000	0.000000000	90.000000000	0.000000000	138.457341058	0.056860106	319.463200000	0.000000000	24.147484646	1.332036056	0.000511380	0.000075125	3.831371323	0.001573418	476.009286349	0.195481303	0.000339676	0.000003395	76.164882946	0.391729229	2.961189280	0.000000000	17.991722540	0.000000000	16.520721479	0.000000000	1.089039759	0.000000000
degussa.raw	15	Rutile	973.000000000	0.000000000	0.283191376	0.010014887	31.367553946	14.867346416	50.977845725	2.309599902	-1.000000000	0.000000000	-1.000000000	0.000000000	-1.000000000	0.000000000	1.236532056	0.069040271	1.864022207	0.149973477	0.029110798	0.000837295	0.022918084	0.000664522	4.621510798	0.000837295	4.621510798	0.000837295	2.980418084	0.000664522	90.000000000	0.000000000	90.000000000	0.000000000	90.000000000	0.000000000	63.656848522	0.027082831	159.731600000	0.000000000	32.453504541	1.470336964	-1.000000000	0.000000000	4.166727527	0.001772729	517.673915982	0.220243675	0.000462411	0.000008851	23.835117054	0.391729229	3.659262163	0.000000000	17.991722540	0.000000000	16.520721479	0.000000000	1.089039759	0.000000000
degussa.raw	16	Anatase	1023.000000000	0.000000000	0.250376638	0.007188365	41.487662722	14.462889394	61.095515641	5.556714628	71.727144074	7.930630187	0.291251979	0.036544638	-1.000000000	0.000000000	1.327435536	0.067789565	1.447360886	0.142803108	0.017400829	0.000439506	0.080063121	0.001367048	3.801600829	0.000439506	3.801600829	0.000439506	9.594663121	0.001367048	90.000000000	0.000000000	90.000000000	0.000000000	90.000000000	0.000000000	138.663691611	0.037660448	319.463200000	0.000000000	29.267346402	2.058704937	0.000635071	0.000079685	3.825669718	0.001039031	475.300919375	0.129089106	0.000239962	0.000002787	55.945570817	0.433885259	4.123706805	0.000000000	18.337304605	0.000000000	16.674211301	0.000000000	1.099740448	0.000000000
degussa.raw	16	Rutile	1023.000000000	0.000000000	0.250376638	0.007188365	41.487662722	14.462889394	67.081040937	2.049637506	-1.000000000	0.000000000	-1.000000000	0.000000000	-1.000000000	0.000000000	1.327435536	0.067789565	1.447360886	0.142803108	0.030594641	0.000459406	0.024914028	0.000349057	4.622994641	0.000459406	4.622994641	0.000459406	2.982414028	0.000349057	90.000000000	0.000000000	90.000000000	0.000000000	90.000000000	0.000000000	63.740389554	0.014701668	159.731600000	0.000000000	42.705117012	1.304839762	-1.000000000	0.000000000	4.161266426	0.000959789	516.995429175	0.119244081	0.000822138	0.000010901	44.054429183	0.433885259	4.245315741	0.000000000	18.337304605	0.000000000	16.674211301	0.000000000	1.099740448	0.000000000
degussa.raw	17	Anatase	1073.000000000	0.000000000	0.196982219	0.005072910	42.558392772	8.537794366	184.480221823	113.066005432	135.476321087	83.161840752	0.591714625	0.089628830	-1.000000000	0.000000000	1.328640710	0.061522961	1.184848314	0.123908478	0.017842817	0.000535308	0.085114374	0.002825596	3.802042817	0.000535308	3.802042817	0.000535308	9.599714374	0.002825596	90.000000000	0.000000000	90.000000000	0.000000000	90.000000000	0.000000000	138.768955114	0.056526817	319.463200000	0.000000000	71.417702505	31.024091765	0.001290225	0.000195434	3.822767748	0.001557180	474.940378794	0.193463920	0.000070662	0.000001814	18.513497771	0.418124246	5.075717951	0.000000000	19.113311919	0.000000000	17.035489542	0.000000000	1.121970218	0.000000000
degussa.raw	17	Rutile	1073.000000000	0.000000000	0.196982219	0.005072910	42.558392772	8.537794366	84.510507785	2.037631440	-1.000000000	0.000000000	-1.000000000	0.000000000	-1.000000000	0.000000000	1.328640710	0.061522961	1.184848314	0.123908478	0.031547808	0.000251468	0.026192079	0.000188072	4.623947808	0.000251468	4.623947808	0.000251468	2.983692079	0.000188072	90.000000000	0.000000000	90.000000000	0.000000000	90.000000000	0.000000000	63.794002088	0.008019705	159.731600000	0.000000000	53.801060229	1.297196463	-1.000000000	0.000000000	4.157769294	0.000522682	516.560945777	0.064937916	0.001353089	0.000014225	81.486502229	0.418124246	2.618738093	0.000000000	19.113311919	0.000000000	17.035489542	0.000000000	1.121970218	0.000000000
degussa.raw	18	Anatase	1123.000000000	0.000000000	0.209877784	0.004385907	44.639799140	7.403946222	347.805955869	2385.156151583	477.825621198	12621.410258316	0.599870541	0.571692636	-1.000000000	0.000000000	1.510340028	0.061303959	1.247183042	0.118575548	0.017105688	0.002636668	0.088302878	0.018568638	3.801305688	0.002636668	3.801305688	0.002636668	9.602902878	0.018568638	90.000000000	0.000000000	90.000000000	0.000000000	90.000000000	0.000000000	138.761225760	0.330223902	319.463200000	0.000000000	176.042806401	1711.341136289	0.001308009	0.001246568	3.822980686	0.009097905	474.966834185	1.130323060	0.000008013	0.000001401	2.300686601	0.393688839	4.807143462	0.000000000	19.452836175	0.000000000	17.270694116	0.000000000	1.126349413	0.000000000
degussa.raw	18	Rutile	1123.000000000	0.000000000	0.209877784	0.004385907	44.639799140	7.403946222	96.312253142	2.194580035	-1.000000000	0.000000000	-1.000000000	0.000000000	-1.000000000	0.000000000	1.510340028	0.061303959	1.247183042	0.118575548	0.033466233	0.000202756	0.028097765	0.000154794	4.625866233	0.000202756	4.625866233	0.000202756	2.985597765	0.000154794	90.000000000	0.000000000	90.000000000	0.000000000	90.000000000	0.000000000	63.887726981	0.006506738	159.731600000	0.000000000	61.314284671	1.397113043	-1.000000000	0.000000000	4.151669742	0.000422831	515.803137949	0.052532502	0.001478185	0.000014842	97.699313399	0.393688839	2.635721605	0.000000000	19.452836175	0.000000000	17.270694116	0.000000000	1.126349413	0.000000000
degussa.raw	19	Rutile	1173.000000000	0.000000000	0.219302666	0.004041496	57.906841378	11.727415693	111.762063605	2.612850880	-1.000000000	0.000000000	-1.000000000	0.000000000	-1.000000000	0.000000000	1.521415918	0.062318420	1.060748869	0.117976145	0.035607954	0.000186337	0.029615219	0.000140444	4.628007954	0.000186337	4.628007954	0.000186337	2.987115219	0.000140444	90.000000000	0.000000000	90.000000000	0.000000000	90.000000000	0.000000000	63.979400737	0.005965875	159.731600000	0.000000000	71.149939491	1.663392532	-1.000000000	0.000000000	4.145720966	0.000386574	515.064062397	0.048027886	0.001399049	0.000014188	100.000000000	0.000000000	3.414275733	0.000000000	19.610219723	0.000000000	17.413587850	0.000000000	1.126144703	0.000000000
degussa.raw	20	Rutile	303.000000000	0.000000000	-0.222363684	0.003463957	56.307603787	9.224553359	124.460813536	3.054775398	-1.000000000	0.000000000	-1.000000000	0.000000000	-1.000000000	0.000000000	0.475711214	0.050698837	0.611309250	0.108602207	0.002537925	0.000142279	0.002564340	0.000106771	4.594937925	0.000142279	4.594937925	0.000142279	2.960064340	0.000106771	90.000000000	0.000000000	90.000000000	0.000000000	90.000000000	0.000000000	62.497183850	0.004479009	159.731600000	0.000000000	79.234214782	1.944730418	-1.000000000	0.000000000	4.244043118	0.000304158	527.279599227	0.037788590	0.001404970	0.000013359	100.000000000	0.000000000	3.133714703	0.000000000	19.684254356	0.000000000	17.059031205	0.000000000	1.153890518	0.000000000