@file	seqno	phase	temp	temp_err	spec_disp	spec_disp_err	abs	abs_err	csL	csL_err	csG	csG_err	strL	strL_err	strG	strG_err	Ti_beq	Ti_beq_err	O_beq	O_beq_err	a_del	a_del_err	c_del	c_del_err	a	a_err	b	b_err	c	c_err	al	al_err	be	be_err	ga	ga_err	cellVol	cellVol_err	cellMass	cellMass_err	Lvol	Lvol_err	e0	e0_err	density	density_err	LAC	LAC_err	scale	scale_err	wtpct	wtpct_err	RBragg	RBragg_err	Rwp	Rwp_err	Rexp	Rexp_err	gof	gof_err
degussa.raw	1	Anatase	303.000000000	0.000000000	0.067847898	0.011568294	19.236681168	6.908378016	37.316415826	1.816699819	55.361455988	4.797263930	0.168308358	0.032822224	-1.000000000	0.000000000	0.768800648	0.058498312	1.356294659	0.130365671	0.003083687	0.000784294	-0.004561500	0.002060769	3.787283687	0.000784294	3.787283687	0.000784294	9.510038500	0.002060769	90.000000000	0.000000000	90.000000000	0.000000000	90.000000000	0.000000000	136.407405788	0.063761623	319.463200000	0.000000000	19.343740172	0.828457120	0.000366994	0.000071568	3.888949306	0.001817824	483.162770567	0.225846298	0.000422824	0.000003745	86.612899173	0.364057262	2.584943034	0.000000000	17.556094516	0.000000000	16.214517038	0.000000000	1.082739281	0.000000000
degussa.raw	1	Rutile	303.000000000	0.000000000	0.067847898	0.011568294	19.236681168	6.908378016	33.672902437	2.029384767	-1.000000000	0.000000000	-1.000000000	0.000000000	-1.000000000	0.000000000	0.768800648	0.058498312	1.356294659	0.130365671	0.004985923	0.001144510	0.001706890	0.001105832	4.597385923	0.001144510	4.597385923	0.001144510	2.959206890	0.001105832	90.000000000	0.000000000	90.000000000	0.000000000	90.000000000	0.000000000	62.545670543	0.038936704	159.731600000	0.000000000	21.436835484	1.291946468	-1.000000000	0.000000000	4.240753048	0.002639995	526.870841213	0.327992839	0.000285059	0.000008589	13.387100827	0.364057262	2.862127695	0.000000000	17.556094516	0.000000000	16.214517038	0.000000000	1.082739281	0.000000000
degussa.raw	2	Anatase	323.000000000	0.000000000	0.062737277	0.010854094	14.587524438	3.435212419	35.267181261	1.703524030	53.892203060	4.386132091	0.112539723	0.035575572	-1.000000000	0.000000000	0.792935004	0.060882205	1.371432109	0.134296667	0.002283904	0.000664636	-0.007402643	0.001788674	3.786483904	0.000664636	3.786483904	0.000664636	9.507197357	0.001788674	90.000000000	0.000000000	90.000000000	0.000000000	90.000000000	0.000000000	136.309065194	0.054290976	319.463200000	0.000000000	18.440488152	0.767480667	0.000245391	0.000077572	3.891755000	0.001550053	483.511349833	0.192578454	0.000421228	0.000003846	87.343926961	0.366221566	2.706731298	0.000000000	17.982184855	0.000000000	16.232801333	0.000000000	1.107768430	0.000000000
degussa.raw	2	Rutile	323.000000000	0.000000000	0.062737277	0.010854094	14.587524438	3.435212419	35.954418621	2.327427375	-1.000000000	0.000000000	-1.000000000	0.000000000	-1.000000000	0.000000000	0.792935004	0.060882205	1.371432109	0.134296667	0.003014178	0.001049523	0.002723333	0.001087118	4.595414178	0.001049523	4.595414178	0.001049523	2.960223333	0.001087118	90.000000000	0.000000000	90.000000000	0.000000000	90.000000000	0.000000000	62.513497456	0.036638752	159.731600000	0.000000000	22.889293798	1.481686286	-1.000000000	0.000000000	4.242935587	0.002486747	527.141999642	0.308953255	0.000266174	0.000008480	12.656073039	0.366221566	3.285223249	0.000000000	17.982184855	0.000000000	16.232801333	0.000000000	1.107768430	0.000000000
degussa.raw	3	Anatase	373.000000000	0.000000000	0.091682837	0.010657754	18.105285188	5.370213950	37.547434281	1.863235320	57.147337392	4.858529608	0.190527707	0.033771070	-1.000000000	0.000000000	0.634593322	0.057592377	1.434587691	0.131546489	0.003993598	0.000696936	-0.000930026	0.001853723	3.788193598	0.000696936	3.788193598	0.000696936	9.513669974	0.001853723	90.000000000	0.000000000	90.000000000	0.000000000	90.000000000	0.000000000	136.525071749	0.056843396	319.463200000	0.000000000	19.610106245	0.843159921	0.000415443	0.000073637	3.885597563	0.001617795	482.746350265	0.200994750	0.000415277	0.000003646	87.558528846	0.340544216	2.086124455	0.000000000	17.302682693	0.000000000	16.247773231	0.000000000	1.064926402	0.000000000
degussa.raw	3	Rutile	373.000000000	0.000000000	0.091682837	0.010657754	18.105285188	5.370213950	40.713467564	2.602171449	-1.000000000	0.000000000	-1.000000000	0.000000000	-1.000000000	0.000000000	0.634593322	0.057592377	1.434587691	0.131546489	0.006440020	0.000989837	0.004032479	0.000967555	4.598840020	0.000989837	4.598840020	0.000989837	2.961532479	0.000967555	90.000000000	0.000000000	90.000000000	0.000000000	90.000000000	0.000000000	62.634426304	0.033848380	159.731600000	0.000000000	25.918998453	1.656593795	-1.000000000	0.000000000	4.234743713	0.002288496	526.124241860	0.284322584	0.000257241	0.000007721	12.441471154	0.340544216	3.104157393	0.000000000	17.302682693	0.000000000	16.247773231	0.000000000	1.064926402	0.000000000
degussa.raw	4	Anatase	423.000000000	0.000000000	0.086918124	0.012062466	19.889203268	7.419717004	36.276817217	1.807134276	51.762036108	3.982912944	0.157422047	0.034894407	-1.000000000	0.000000000	0.748000088	0.059867169	1.478870437	0.134909304	0.004577842	0.000785347	0.002103295	0.002076303	3.788777842	0.000785347	3.788777842	0.000785347	9.516703295	0.002076303	90.000000000	0.000000000	90.000000000	0.000000000	90.000000000	0.000000000	136.610729655	0.063998119	319.463200000	0.000000000	18.583332767	0.777524496	0.000343257	0.000076087	3.883161208	0.001819139	482.443657781	0.226009713	0.000415736	0.000003750	86.632748871	0.359926295	2.351711055	0.000000000	17.640069412	0.000000000	16.246853308	0.000000000	1.085752981	0.000000000
degussa.raw	4	Rutile	423.000000000	0.000000000	0.086918124	0.012062466	19.889203268	7.419717004	36.884888384	2.262509708	-1.000000000	0.000000000	-1.000000000	0.000000000	-1.000000000	0.000000000	0.748000088	0.059867169	1.478870437	0.134909304	0.006668384	0.001082201	0.006825724	0.001041234	4.599068384	0.001082201	4.599068384	0.001082201	2.964325724	0.001041234	90.000000000	0.000000000	90.000000000	0.000000000	90.000000000	0.000000000	62.699728043	0.036820356	159.731600000	0.000000000	23.481649247	1.440358415	-1.000000000	0.000000000	4.230333229	0.002484249	525.576283688	0.308642939	0.000279529	0.000008317	13.367251129	0.359926295	3.301815782	0.000000000	17.640069412	0.000000000	16.246853308	0.000000000	1.085752981	0.000000000
degussa.raw	5	Anatase	473.000000000	0.000000000	0.097997309	0.012008713	18.465035279	6.698668240	37.402512339	1.905189523	56.942136739	5.409726194	0.193176530	0.034833867	-1.000000000	0.000000000	0.800450275	0.061720777	1.306294693	0.135868294	0.005035249	0.000827450	0.007002143	0.002182848	3.789235249	0.000827450	3.789235249	0.000827450	9.521602143	0.002182848	90.000000000	0.000000000	90.000000000	0.000000000	90.000000000	0.000000000	136.714055927	0.067434349	319.463200000	0.000000000	19.535942214	0.887908617	0.000421219	0.000075955	3.880226378	0.001913917	482.079034667	0.237784941	0.000413003	0.000003763	87.320545285	0.367848236	2.685069891	0.000000000	17.781625630	0.000000000	16.284630179	0.000000000	1.091926893	0.000000000
degussa.raw	5	Rutile	473.000000000	0.000000000	0.097997309	0.012008713	18.465035279	6.698668240	36.607448621	2.436331098	-1.000000000	0.000000000	-1.000000000	0.000000000	-1.000000000	0.000000000	0.800450275	0.061720777	1.306294693	0.135868294	0.009106146	0.001171117	0.006368143	0.001122435	4.601506146	0.001171117	4.601506146	0.001171117	2.963868143	0.001122435	90.000000000	0.000000000	90.000000000	0.000000000	90.000000000	0.000000000	62.756525604	0.039815282	159.731600000	0.000000000	23.305025608	1.551016549	-1.000000000	0.000000000	4.226504582	0.002681455	525.100612826	0.333143767	0.000261289	0.000008351	12.679454715	0.367848236	3.303623643	0.000000000	17.781625630	0.000000000	16.284630179	0.000000000	1.091926893	0.000000000
degussa.raw	6	Anatase	523.000000000	0.000000000	0.125532141	0.011146306	15.685659176	4.230139327	38.768668099	2.121142659	56.537244883	5.031460376	0.212179772	0.037437011	-1.000000000	0.000000000	0.809851831	0.063304163	1.478879563	0.139859039	0.005559291	0.000728808	0.014137548	0.001940472	3.789759291	0.000728808	3.789759291	0.000728808	9.528737548	0.001940472	90.000000000	0.000000000	90.000000000	0.000000000	90.000000000	0.000000000	136.854353708	0.059559734	319.463200000	0.000000000	19.993190247	0.933832024	0.000462655	0.000081631	3.876248520	0.001686956	481.584825920	0.209587334	0.000411490	0.000003796	87.388164922	0.360915527	2.326503070	0.000000000	17.915365336	0.000000000	16.306940893	0.000000000	1.098634346	0.000000000
degussa.raw	6	Rutile	523.000000000	0.000000000	0.125532141	0.011146306	15.685659176	4.230139327	39.576467664	2.684965260	-1.000000000	0.000000000	-1.000000000	0.000000000	-1.000000000	0.000000000	0.809851831	0.063304163	1.478879563	0.139859039	0.010938726	0.001047053	0.008060445	0.001044546	4.603338726	0.001047053	4.603338726	0.001047053	2.965560445	0.001044546	90.000000000	0.000000000	90.000000000	0.000000000	90.000000000	0.000000000	62.842383049	0.036155202	159.731600000	0.000000000	25.195161835	1.709301972	-1.000000000	0.000000000	4.220730185	0.002428309	524.383202143	0.301692973	0.000258655	0.000008130	12.611835078	0.360915527	3.281618868	0.000000000	17.915365336	0.000000000	16.306940893	0.000000000	1.098634346	0.000000000
degussa.raw	7	Anatase	573.000000000	0.000000000	0.154876128	0.010349865	14.298562226	3.094720205	36.526277522	1.820042036	58.916511156	5.478598561	0.151930350	0.036128577	-1.000000000	0.000000000	0.959813028	0.063363158	1.682388358	0.139163575	0.006359199	0.000643736	0.020034302	0.001707192	3.790559199	0.000643736	3.790559199	0.000643736	9.534634302	0.001707192	90.000000000	0.000000000	90.000000000	0.000000000	90.000000000	0.000000000	136.996858312	0.052600984	319.463200000	0.000000000	19.389374865	0.857168665	0.000331282	0.000078778	3.872216433	0.001486760	481.083879722	0.184715005	0.000410189	0.000003740	87.135255276	0.354096659	2.308374530	0.000000000	17.650845027	0.000000000	16.346700739	0.000000000	1.079780275	0.000000000
degussa.raw	7	Rutile	573.000000000	0.000000000	0.154876128	0.010349865	14.298562226	3.094720205	40.764734967	2.725552210	-1.000000000	0.000000000	-1.000000000	0.000000000	-1.000000000	0.000000000	0.959813028	0.063363158	1.682388358	0.139163575	0.011932389	0.000959074	0.008892527	0.000985626	4.604332389	0.000959074	4.604332389	0.000959074	2.966392527	0.000985626	90.000000000	0.000000000	90.000000000	0.000000000	90.000000000	0.000000000	62.887155964	0.033510793	159.731600000	0.000000000	25.951636295	1.735140428	-1.000000000	0.000000000	4.217725209	0.002247498	524.009864145	0.279228977	0.000263858	0.000007983	12.864744724	0.354096659	3.762355537	0.000000000	17.650845027	0.000000000	16.346700739	0.000000000	1.079780275	0.000000000
degussa.raw	8	Anatase	623.000000000	0.000000000	0.168751544	0.012769822	22.157306804	10.559162876	34.947246197	1.740677821	62.854830945	7.304698272	0.185422763	0.036374931	-1.000000000	0.000000000	0.989565191	0.065800464	1.411801999	0.141817417	0.008974590	0.000923996	0.029056633	0.002430628	3.793174590	0.000923996	3.793174590	0.000923996	9.543656633	0.002430628	90.000000000	0.000000000	90.000000000	0.000000000	90.000000000	0.000000000	137.315787193	0.075488479	319.463200000	0.000000000	19.071916241	0.895792723	0.000404312	0.000079315	3.863222845	0.002123773	479.966516989	0.263857383	0.000411031	0.000003852	87.495602110	0.371609286	2.621923698	0.000000000	18.022412695	0.000000000	16.345729217	0.000000000	1.102576242	0.000000000
degussa.raw	8	Rutile	623.000000000	0.000000000	0.168751544	0.012769822	22.157306804	10.559162876	38.375046119	2.672213616	-1.000000000	0.000000000	-1.000000000	0.000000000	-1.000000000	0.000000000	0.989565191	0.065800464	1.411801999	0.141817417	0.015944287	0.001269398	0.013232352	0.001164801	4.608344287	0.001269398	4.608344287	0.001269398	2.970732352	0.001164801	90.000000000	0.000000000	90.000000000	0.000000000	90.000000000	0.000000000	63.088958924	0.042660548	159.731600000	0.000000000	24.430313125	1.701184024	-1.000000000	0.000000000	4.204233951	0.002842878	522.333711246	0.353198933	0.000255710	0.000008350	12.504397890	0.371609286	3.405954070	0.000000000	18.022412695	0.000000000	16.345729217	0.000000000	1.102576242	0.000000000
degussa.raw	9	Anatase	673.000000000	0.000000000	0.181327267	0.011874827	21.840204306	9.259884050	38.502725089	2.146059751	51.445046484	3.956344894	0.206187504	0.037570217	-1.000000000	0.000000000	1.029698932	0.067068431	1.711502506	0.145033255	0.009610490	0.000859776	0.032841498	0.002245673	3.793810490	0.000859776	3.793810490	0.000859776	9.547441498	0.002245673	90.000000000	0.000000000	90.000000000	0.000000000	90.000000000	0.000000000	137.416306694	0.070171519	319.463200000	0.000000000	19.311220375	0.871793511	0.000449589	0.000081921	3.860396912	0.001971300	479.615423322	0.244914133	0.000405112	0.000003824	87.412253721	0.363288786	2.577692862	0.000000000	17.922156720	0.000000000	16.374427286	0.000000000	1.094521134	0.000000000
degussa.raw	9	Rutile	673.000000000	0.000000000	0.181327267	0.011874827	21.840204306	9.259884050	41.270400420	2.821903992	-1.000000000	0.000000000	-1.000000000	0.000000000	-1.000000000	0.000000000	1.029698932	0.067068431	1.711502506	0.145033255	0.018051083	0.001159123	0.012525636	0.001072533	4.610451083	0.001159123	4.610451083	0.001159123	2.970025636	0.001072533	90.000000000	0.000000000	90.000000000	0.000000000	90.000000000	0.000000000	63.131634726	0.039082501	159.731600000	0.000000000	26.273552921	1.796479877	-1.000000000	0.000000000	4.201391967	0.002600919	521.980623442	0.323137939	0.000253964	0.000008037	12.587746279	0.363288786	3.621053212	0.000000000	17.922156720	0.000000000	16.374427286	0.000000000	1.094521134	0.000000000
degussa.raw	10	Anatase	723.000000000	0.000000000	0.200760145	0.013181293	24.151630975	13.172826247	36.512286783	1.902491428	52.891273469	4.477366475	0.165614422	0.036387909	-1.000000000	0.000000000	1.074519921	0.067387100	2.053320075	0.149088745	0.010892499	0.000977067	0.040150406	0.002565863	3.795092499	0.000977067	3.795092499	0.000977067	9.554750406	0.002565863	90.000000000	0.000000000	90.000000000	0.000000000	90.000000000	0.000000000	137.614462340	0.079917065	319.463200000	0.000000000	18.791215808	0.835803967	0.000361120	0.000079343	3.854838198	0.002238617	478.924809108	0.278125550	0.000402544	0.000003821	86.858436270	0.380611573	2.657337903	0.000000000	17.924853610	0.000000000	16.390039695	0.000000000	1.093643087	0.000000000
degussa.raw	10	Rutile	723.000000000	0.000000000	0.200760145	0.013181293	24.151630975	13.172826247	36.499346151	2.408497412	-1.000000000	0.000000000	-1.000000000	0.000000000	-1.000000000	0.000000000	1.074519921	0.067387100	2.053320075	0.149088745	0.020403443	0.001331574	0.012713844	0.001202806	4.612803443	0.001331574	4.612803443	0.001331574	2.970213844	0.001202806	90.000000000	0.000000000	90.000000000	0.000000000	90.000000000	0.000000000	63.200078310	0.044568811	159.731600000	0.000000000	23.236205438	1.533297074	-1.000000000	0.000000000	4.196841999	0.002959609	521.415335782	0.367701572	0.000265232	0.000008480	13.141563730	0.380611573	3.461440573	0.000000000	17.924853610	0.000000000	16.390039695	0.000000000	1.093643087	0.000000000
degussa.raw	11	Anatase	773.000000000	0.000000000	0.228790210	0.011895394	17.305296807	5.903196419	40.859448316	2.431958415	51.249303840	4.115048147	0.228991500	0.038815580	-1.000000000	0.000000000	1.066411138	0.068349369	1.648938718	0.147454403	0.011410978	0.000861332	0.041966013	0.002281909	3.795610978	0.000861332	3.795610978	0.000861332	9.556566013	0.002281909	90.000000000	0.000000000	90.000000000	0.000000000	90.000000000	0.000000000	137.678223058	0.070606507	319.463200000	0.000000000	20.052817865	0.958839196	0.000499313	0.000084637	3.853052968	0.001975980	478.703012304	0.245495620	0.000396736	0.000003777	87.074934122	0.386106009	2.712648361	0.000000000	17.899274299	0.000000000	16.400648034	0.000000000	1.091376040	0.000000000
degussa.raw	11	Rutile	773.000000000	0.000000000	0.228790210	0.011895394	17.305296807	5.903196419	35.752010918	2.446233931	-1.000000000	0.000000000	-1.000000000	0.000000000	-1.000000000	0.000000000	1.066411138	0.068349369	1.648938718	0.147454403	0.020534090	0.001231855	0.016510038	0.001198570	4.612934090	0.001231855	4.612934090	0.001231855	2.974010038	0.001198570	90.000000000	0.000000000	90.000000000	0.000000000	90.000000000	0.000000000	63.284438159	0.042342493	159.731600000	0.000000000	22.760437052	1.557320888	-1.000000000	0.000000000	4.191247497	0.002804278	520.720275185	0.348403293	0.000256236	0.000008448	12.925065878	0.386106009	3.628537026	0.000000000	17.899274299	0.000000000	16.400648034	0.000000000	1.091376040	0.000000000
degussa.raw	12	Anatase	823.000000000	0.000000000	0.248408509	0.012616828	21.101029035	9.301927230	39.644013143	2.343113027	51.492851230	4.013702194	0.208649424	0.039477090	-1.000000000	0.000000000	1.069685728	0.069492045	1.714487338	0.148268075	0.012893231	0.000901046	0.052769661	0.002393969	3.797093231	0.000901046	3.797093231	0.000901046	9.567369661	0.002393969	90.000000000	0.000000000	90.000000000	0.000000000	90.000000000	0.000000000	137.941541698	0.074008521	319.463200000	0.000000000	19.694667529	0.928553550	0.000454957	0.000086079	3.845697819	0.002063288	477.789209077	0.256342786	0.000390680	0.000003751	86.434178922	0.389498722	2.485373596	0.000000000	17.904823281	0.000000000	16.435594159	0.000000000	1.089393125	0.000000000
degussa.raw	12	Rutile	823.000000000	0.000000000	0.248408509	0.012616828	21.101029035	9.301927230	34.960592981	2.221993282	-1.000000000	0.000000000	-1.000000000	0.000000000	-1.000000000	0.000000000	1.069685728	0.069492045	1.714487338	0.148268075	0.022685686	0.001278016	0.017258370	0.001185640	4.615085686	0.001278016	4.615085686	0.001278016	2.974758370	0.001185640	90.000000000	0.000000000	90.000000000	0.000000000	90.000000000	0.000000000	63.359425792	0.043233157	159.731600000	0.000000000	22.256604746	1.414564857	-1.000000000	0.000000000	4.186287039	0.002856492	520.103988336	0.354890328	0.000266991	0.000008493	13.565821078	0.389498722	3.734360485	0.000000000	17.904823281	0.000000000	16.435594159	0.000000000	1.089393125	0.000000000
degussa.raw	13	Anatase	873.000000000	0.000000000	0.268163143	0.012904397	23.969479597	12.835617394	38.508292327	2.140701287	55.800319952	5.087778715	0.200862281	0.037299030	-1.000000000	0.000000000	1.167302131	0.069962256	1.815796298	0.150162048	0.013868325	0.000984949	0.058642723	0.002570802	3.798068325	0.000984949	3.798068325	0.000984949	9.573242723	0.002570802	90.000000000	0.000000000	90.000000000	0.000000000	90.000000000	0.000000000	138.097118486	0.080656358	319.463200000	0.000000000	19.820385206	0.943584743	0.000437977	0.000081330	3.841365351	0.002243560	477.250943605	0.278739737	0.000391554	0.000003788	85.531173508	0.389729248	2.379176739	0.000000000	18.121804002	0.000000000	16.440957750	0.000000000	1.102235300	0.000000000
degussa.raw	13	Rutile	873.000000000	0.000000000	0.268163143	0.012904397	23.969479597	12.835617394	36.711269662	2.311231725	-1.000000000	0.000000000	-1.000000000	0.000000000	-1.000000000	0.000000000	1.167302131	0.069962256	1.815796298	0.150162048	0.025184920	0.001311401	0.019687423	0.001158207	4.617584920	0.001311401	4.617584920	0.001311401	2.977187423	0.001158207	90.000000000	0.000000000	90.000000000	0.000000000	90.000000000	0.000000000	63.479859647	0.043703030	159.731600000	0.000000000	23.371120135	1.471375815	-1.000000000	0.000000000	4.178344824	0.002876591	519.117248159	0.357387452	0.000288190	0.000008639	14.468826492	0.389729248	3.801267498	0.000000000	18.121804002	0.000000000	16.440957750	0.000000000	1.102235300	0.000000000
degussa.raw	14	Anatase	923.000000000	0.000000000	0.276729835	0.012199245	27.825026860	15.608735521	37.806511585	2.050066190	63.003084241	6.666674425	0.193044586	0.036090982	-1.000000000	0.000000000	1.058316738	0.069114455	1.705143784	0.149408150	0.014922157	0.000885618	0.064643267	0.002348540	3.799122157	0.000885618	3.799122157	0.000885618	9.579243267	0.002348540	90.000000000	0.000000000	90.000000000	0.000000000	90.000000000	0.000000000	138.260371187	0.072829484	319.463200000	0.000000000	20.243621217	0.985101939	0.000420931	0.000078696	3.836829610	0.002021064	476.687423451	0.251096881	0.000366238	0.000003602	83.455861735	0.379904860	2.194552619	0.000000000	17.956934656	0.000000000	16.487437731	0.000000000	1.089128277	0.000000000
degussa.raw	14	Rutile	923.000000000	0.000000000	0.276729835	0.012199245	27.825026860	15.608735521	44.883305304	2.628559693	-1.000000000	0.000000000	-1.000000000	0.000000000	-1.000000000	0.000000000	1.058316738	0.069114455	1.705143784	0.149408150	0.025948728	0.001128374	0.022107625	0.000943539	4.618348728	0.001128374	4.618348728	0.001128374	2.979607625	0.000943539	90.000000000	0.000000000	90.000000000	0.000000000	90.000000000	0.000000000	63.552482978	0.037005590	159.731600000	0.000000000	28.573599606	1.673393074	-1.000000000	0.000000000	4.173570104	0.002430193	518.524037290	0.301926995	0.000315897	0.000008121	16.544138265	0.379904860	3.162810221	0.000000000	17.956934656	0.000000000	16.487437731	0.000000000	1.089128277	0.000000000
degussa.raw	15	Anatase	973.000000000	0.000000000	0.283191376	0.010014887	31.367552908	14.867345260	45.037575732	2.753938579	75.436862795	9.162038426	0.234525945	0.034453488	-1.000000000	0.000000000	1.236532056	0.069040271	1.864022207	0.149973477	0.016311784	0.000688253	0.071276294	0.001855489	3.800511784	0.000688253	3.800511784	0.000688253	9.585876294	0.001855489	90.000000000	0.000000000	90.000000000	0.000000000	90.000000000	0.000000000	138.457341052	0.056860106	319.463200000	0.000000000	24.147484637	1.332036055	0.000511380	0.000075125	3.831371323	0.001573418	476.009286369	0.195481302	0.000339676	0.000003395	76.164882951	0.391729229	2.961189280	0.000000000	17.991722539	0.000000000	16.520721479	0.000000000	1.089039759	0.000000000
degussa.raw	15	Rutile	973.000000000	0.000000000	0.283191376	0.010014887	31.367552908	14.867345260	50.977845805	2.309599920	-1.000000000	0.000000000	-1.000000000	0.000000000	-1.000000000	0.000000000	1.236532056	0.069040271	1.864022207	0.149973477	0.029110798	0.000837295	0.022918084	0.000664522	4.621510798	0.000837295	4.621510798	0.000837295	2.980418084	0.000664522	90.000000000	0.000000000	90.000000000	0.000000000	90.000000000	0.000000000	63.656848519	0.027082831	159.731600000	0.000000000	32.453504592	1.470336975	-1.000000000	0.000000000	4.166727527	0.001772729	517.673916007	0.220243673	0.000462411	0.000008851	23.835117049	0.391729229	3.659262165	0.000000000	17.991722539	0.000000000	16.520721479	0.000000000	1.089039759	0.000000000
degussa.raw	16	Anatase	1023.000000000	0.000000000	0.250376639	0.007188365	41.487661370	14.462888381	61.095515595	5.556714613	71.727144211	7.930630229	0.291251978	0.036544638	-1.000000000	0.000000000	1.327435536	0.067789565	1.447360886	0.142803108	0.017400829	0.000439506	0.080063121	0.001367048	3.801600829	0.000439506	3.801600829	0.000439506	9.594663121	0.001367048	90.000000000	0.000000000	90.000000000	0.000000000	90.000000000	0.000000000	138.663691609	0.037660447	319.463200000	0.000000000	29.267346410	2.058704936	0.000635071	0.000079685	3.825669718	0.001039031	475.300919383	0.129089105	0.000239962	0.000002787	55.945570822	0.433885259	4.123706807	0.000000000	18.337304606	0.000000000	16.674211301	0.000000000	1.099740448	0.000000000
degussa.raw	16	Rutile	1023.000000000	0.000000000	0.250376639	0.007188365	41.487661370	14.462888381	67.081041065	2.049637521	-1.000000000	0.000000000	-1.000000000	0.000000000	-1.000000000	0.000000000	1.327435536	0.067789565	1.447360886	0.142803108	0.030594641	0.000459406	0.024914028	0.000349057	4.622994641	0.000459406	4.622994641	0.000459406	2.982414028	0.000349057	90.000000000	0.000000000	90.000000000	0.000000000	90.000000000	0.000000000	63.740389553	0.014701668	159.731600000	0.000000000	42.705117093	1.304839772	-1.000000000	0.000000000	4.161266426	0.000959789	516.995429181	0.119244081	0.000822138	0.000010901	44.054429178	0.433885259	4.245315744	0.000000000	18.337304606	0.000000000	16.674211301	0.000000000	1.099740448	0.000000000
degussa.raw	17	Anatase	1073.000000000	0.000000000	0.196982219	0.005072910	42.558392845	8.537794399	184.480221882	113.066005766	135.476321082	83.161840961	0.591714625	0.089628831	-1.000000000	0.000000000	1.328640710	0.061522961	1.184848314	0.123908478	0.017842817	0.000535308	0.085114374	0.002825596	3.802042817	0.000535308	3.802042817	0.000535308	9.599714374	0.002825596	90.000000000	0.000000000	90.000000000	0.000000000	90.000000000	0.000000000	138.768955115	0.056526817	319.463200000	0.000000000	71.417702514	31.024091826	0.001290225	0.000195434	3.822767748	0.001557180	474.940378789	0.193463920	0.000070662	0.000001814	18.513497771	0.418124246	5.075717951	0.000000000	19.113311919	0.000000000	17.035489542	0.000000000	1.121970218	0.000000000
degussa.raw	17	Rutile	1073.000000000	0.000000000	0.196982219	0.005072910	42.558392845	8.537794399	84.510507770	2.037631438	-1.000000000	0.000000000	-1.000000000	0.000000000	-1.000000000	0.000000000	1.328640710	0.061522961	1.184848314	0.123908478	0.031547808	0.000251468	0.026192079	0.000188072	4.623947808	0.000251468	4.623947808	0.000251468	2.983692079	0.000188072	90.000000000	0.000000000	90.000000000	0.000000000	90.000000000	0.000000000	63.794002088	0.008019705	159.731600000	0.000000000	53.801060219	1.297196462	-1.000000000	0.000000000	4.157769294	0.000522682	516.560945774	0.064937916	0.001353089	0.000014225	81.486502229	0.418124246	2.618738092	0.000000000	19.113311919	0.000000000	17.035489542	0.000000000	1.121970218	0.000000000
degussa.raw	18	Anatase	1123.000000000	0.000000000	0.209877784	0.004385907	44.639799088	7.403946192	347.805957721	2385.156228162	477.825621196	12621.410139997	0.599870541	0.571692632	-1.000000000	0.000000000	1.510340028	0.061303959	1.247183042	0.118575548	0.017105688	0.002636668	0.088302878	0.018568638	3.801305688	0.002636668	3.801305688	0.002636668	9.602902878	0.018568638	90.000000000	0.000000000	90.000000000	0.000000000	90.000000000	0.000000000	138.761225756	0.330223902	319.463200000	0.000000000	176.042807035	1711.341146926	0.001308009	0.001246568	3.822980686	0.009097905	474.966834198	1.130323058	0.000008013	0.000001401	2.300686604	0.393688839	4.807143452	0.000000000	19.452836175	0.000000000	17.270694116	0.000000000	1.126349413	0.000000000
degussa.raw	18	Rutile	1123.000000000	0.000000000	0.209877784	0.004385907	44.639799088	7.403946192	96.312253153	2.194580029	-1.000000000	0.000000000	-1.000000000	0.000000000	-1.000000000	0.000000000	1.510340028	0.061303959	1.247183042	0.118575548	0.033466233	0.000202756	0.028097765	0.000154794	4.625866233	0.000202756	4.625866233	0.000202756	2.985597765	0.000154794	90.000000000	0.000000000	90.000000000	0.000000000	90.000000000	0.000000000	63.887726981	0.006506738	159.731600000	0.000000000	61.314284678	1.397113039	-1.000000000	0.000000000	4.151669742	0.000422831	515.803137949	0.052532502	0.001478185	0.000014842	97.699313396	0.393688839	2.635721605	0.000000000	19.452836175	0.000000000	17.270694116	0.000000000	1.126349413	0.000000000
degussa.raw	19	Rutile	1173.000000000	0.000000000	0.219302665	0.004041496	57.906843172	11.727416500	111.762063405	2.612850865	-1.000000000	0.000000000	-1.000000000	0.000000000	-1.000000000	0.000000000	1.521415919	0.062318420	1.060748870	0.117976145	0.035607954	0.000186337	0.029615219	0.000140444	4.628007954	0.000186337	4.628007954	0.000186337	2.987115219	0.000140444	90.000000000	0.000000000	90.000000000	0.000000000	90.000000000	0.000000000	63.979400738	0.005965875	159.731600000	0.000000000	71.149939364	1.663392523	-1.000000000	0.000000000	4.145720966	0.000386574	515.064062391	0.048027887	0.001399049	0.000014188	100.000000000	0.000000000	3.414275734	0.000000000	19.610219724	0.000000000	17.413587850	0.000000000	1.126144703	0.000000000
degussa.raw	20	Rutile	303.000000000	0.000000000	-0.222363684	0.003463957	56.307603193	9.224553140	124.460813665	3.054775403	-1.000000000	0.000000000	-1.000000000	0.000000000	-1.000000000	0.000000000	0.475711213	0.050698837	0.611309250	0.108602207	0.002537925	0.000142279	0.002564340	0.000106771	4.594937925	0.000142279	4.594937925	0.000142279	2.960064340	0.000106771	90.000000000	0.000000000	90.000000000	0.000000000	90.000000000	0.000000000	62.497183850	0.004479009	159.731600000	0.000000000	79.234214864	1.944730423	-1.000000000	0.000000000	4.244043118	0.000304158	527.279599229	0.037788590	0.001404970	0.000013359	100.000000000	0.000000000	3.133714702	0.000000000	19.684254356	0.000000000	17.059031205	0.000000000	1.153890518	0.000000000